99138
6527
19135
47292
65040
78163
703
97173
72591
77935
15194
93533
20901
50500
59470
47867
99046
46571
16604
54555
48724
19801
62396
7374
16188
46798
26367
42056
23453
26132
81469
48919
17349
42964
59413
10571
95459
99356
60319
8908
75158
19703
37598
91740
41171
89647
6160
71667
4458
32743
62119
26147
86723
91623
89174
67244
14384
8467
66692
2948
87463
7292
11361
69128
22555
51881
17445
89535
24719
27639
87591
77480
87627
25559
20831
27280
1124
44057
19743
22864
8867
91349
86182
35021
23463
37331
40304
69823
20422
81487
53180
71388
71694
73399
52307
75458
65990
54677
98571
92512
