703
2948
4458
6160
6527
7292
7374
8467
8908
10571
11361
14384
15194
16188
16604
17349
17445
19135
19703
19743
19801
20831
20901
22555
22864
22864
23453
23463
24719
26132
26147
26367
27280
27280
27639
32743
37331
37598
40304
41171
42056
42964
44057
46571
46798
47292
47867
48724
48919
50500
51881
53180
54555
59413
59470
60319
62119
62396
65040
65990
66692
67244
69128
69823
69823
71388
71667
71694
72591
73399
73399
75158
75458
77480
77935
78163
81469
81487
81487
86182
86182
86723
87463
87591
87627
87627
89174
89535
89647
91349
91623
91740
92512
93533
95459
97173
98571
99046
99138
99356
